(0651)-7551377
(061)-4567611
(0751)-31401, 31402, 34425
(0761)-47367, 47368
(0741)-66269
(0711)-352105
(0736)-21502
(0721)-481166
(0717)-4262141,  4262142
(0771)-4575000
(021)-3456058
(022)-423248, 4233347, 4230993
(024)-8415548 / 8453676
(0274)-562811,  512655
(031)-20005, 20044, 3557141
(0254)-200123
(0361)-224671,  35155
(0370)-31000, 622373, 622833
(0380)-833111,  833247
(0561)-736541,  732001 ext. 110
(0536)-21144 - 21214, 3221538
(0511)- 3363845, 3352667
(0541)-32555, 733333, 741942, 744001
(0552) – 22454
(0431)-865559,  86200, 865437, 861630
(0451) – 451311
(0411) - 453192, 45320
(0401)-391617,  391609
(0435) – 821277
(0426) - 22680, 22677
(0911) – 342460
(0921) – 21044
(0967) – 537523
(0986) – 211719
